0.246 0.00570213377495
0.272 0.00610737173927
0.301 0.00631138459571
0.332 0.00648734533811
0.367 0.0065305947107
0.405 0.00659493722088
0.448 0.00664691037499
0.495 0.00710868349107
0.667 0.00727550742392
0.899 0.00805183558093
1.211 0.00839608499887
1.338 0.00856302147909
1.478 0.00864939227129
1.632 0.00871052942579
1.803 0.00888749255624
1.992 0.00918512947685
2.2 0.00942848632604
2.43 0.00962168262929
4.415 0.00818530557698
4.877 0.00837232530911
5.388 0.00860447333564
5.951 0.00886234220878
6.574 0.00918982088735
7.262 0.00971110893563
8.022 0.0107738040468
